%YAML:1.0
depthShift: -7.4205802806286812e+01
