%YAML:1.0
cameraMatrix: !!opencv-matrix
   rows: 3
   cols: 3
   dt: d
   data: [ 1.0526759012906400e+03, 0., 9.5699916277697071e+02, 0.,
       1.0533893188190850e+03, 5.2777666398454039e+02, 0., 0., 1. ]
distortionCoefficients: !!opencv-matrix
   rows: 1
   cols: 5
   dt: d
   data: [ 2.7327782069410410e-02, 6.9193109147173831e-02,
       -3.0552385674131296e-03, -3.4440614836848942e-03,
       -7.5931342861720791e-02 ]
rotation: !!opencv-matrix
   rows: 3
   cols: 3
   dt: d
   data: [ 1., 0., 0., 0., 1., 0., 0., 0., 1. ]
projection: !!opencv-matrix
   rows: 4
   cols: 4
   dt: d
   data: [ 1.0526759012906400e+03, 0., 9.5699916277697071e+02, 0., 0.,
       1.0533893188190850e+03, 5.2777666398454039e+02, 0., 0., 0., 1.,
       0., 0., 0., 0., 1. ]
