%YAML:1.0
cameraMatrix: !!opencv-matrix
   rows: 3
   cols: 3
   dt: d
   data: [ 3.5879585976051732e+02, 0., 2.4836215308665598e+02, 0.,
       3.5906659167309965e+02, 2.0643687546277087e+02, 0., 0., 1. ]
distortionCoefficients: !!opencv-matrix
   rows: 1
   cols: 5
   dt: d
   data: [ 1.2222412311116787e-01, -3.6383331247329725e-01,
       -7.7573965902669802e-04, -1.3909150421381391e-03,
       2.1501515773126131e-01 ]
rotation: !!opencv-matrix
   rows: 3
   cols: 3
   dt: d
   data: [ 1., 0., 0., 0., 1., 0., 0., 0., 1. ]
projection: !!opencv-matrix
   rows: 4
   cols: 4
   dt: d
   data: [ 3.5879585976051732e+02, 0., 2.4836215308665598e+02, 0., 0.,
       3.5906659167309965e+02, 2.0643687546277087e+02, 0., 0., 0., 1.,
       0., 0., 0., 0., 1. ]
