%YAML:1.0
rotation: !!opencv-matrix
   rows: 3
   cols: 3
   dt: d
   data: [ 9.9998398906937480e-01, -2.2087847997475200e-03,
       5.2098823987642784e-03, 2.1697625629520031e-03,
       9.9996964168039215e-01, 7.4838391223102521e-03,
       -5.2262544255864051e-03, -7.4724150912950380e-03,
       9.9995842377439992e-01 ]
translation: !!opencv-matrix
   rows: 3
   cols: 1
   dt: d
   data: [ -4.5987554910599464e-02, 9.8789382047111279e-05,
       5.4701344291914157e-03 ]
essential: !!opencv-matrix
   rows: 3
   cols: 3
   dt: d
   data: [ -1.2385191343899021e-05, -5.4707065603713852e-03,
       5.7847668711997421e-05, 5.2297041848751412e-03,
       -3.5572044910549624e-04, 4.6014141678723225e-02,
       -1.9856987534388709e-04, -4.5985940601224067e-02,
       -3.4467814364204727e-04 ]
fundamental: !!opencv-matrix
   rows: 3
   cols: 3
   dt: d
   data: [ -1.6658238341496674e-08, -7.3526212523938916e-06,
       1.5499058480706763e-03, 7.0292541407284177e-06,
       -4.7776395041464380e-07, 2.0543520639563304e-02,
       -3.9750819899074278e-03, -5.7772064671193141e-02, 1. ]
